
一片花瓣,480,460,84,480

大梦想家,651,727,256,651

自饰者,308,310,166,308

火花,84,83,84,567

小丑面具,492,497,492,704

Bbiribbom Bberibbom,452,453,398,490

Apple Is A,324,325,149,324

GO!!!,519,522,91,519

偶像万万岁,455,65,65,455

EOEO,469,470,109,469

Bing Bing,431,432,431,497

No Madonna,663,664,232,663

SEXY LOVE,202,203,202,415

表白,540,539,284,540

萤之光,725,726,605,725

好想大声说喜欢你,583,584,206,583

LEVEL5-judgelight,1173,1172,959,1173

青春住了谁,694,698,279,694

再遇不到你这样的人,688,689,481,688

Brave Heart,372,782,372,782

All About That Bass,171,172,62,171

Too Good to Me,1006,1008,296,1006

还记得吗,190,185,190,855

超人类,438,439,169,438

追光者,294,295,165,294

最初的记忆,190,310,190,310

浪漫曲,451,470,451,601

黑夜问白天,89,88,89,544

什么什么,370,95,95,370

四点四十四,147,554,147,554

BRAND NEW GIRL,476,474,158,476

禁绝边境线,578,579,348,578

Baby Boy,448,449,448,712

I Want My Tears Back,919,920,763,919

七年的爱,568,569,347,568

等一下,453,455,453,692

YESTERDAY,582,583,239,582

Bubble Pop!,369,396,238,369

to the beginning,1124,1119,323,1124

I Knew You Were Trouble,97,96,97,190

双人舞,324,325,324,722

我的大学,563,564,563,787

爱的鼓励,811,812,346,811

I Like That,594,595,594,713

不要离开,240,242,240,574

起风了,734,735,734,850

GANG,255,256,255,766

忒好,259,260,259,459

江湖,413,415,315,413

#初恋,593,180,180,593

Uma Thurman,213,214,51,213

Flashlight,868,869,788,922

Legends Never Die,668,664,668,1094

忘了,281,282,281,710

超级冠军,717,721,717,883

崦隶攻リ`ム,728,729,16,728

JELLY JELLY,703,711,168,703

Firefly,620,622,620,877

卡农,165,166,165,868

L.I.E,73,72,73,214

是你,888,889,627,888

Pink Gun,74,75,74,512

That Good Good,470,471,142,470

无可取代,573,582,567,707

Hacking to the Gate,805,821,805,969

你，有没有过,545,550,545,830

chAngE,1018,1022,927,1018

旋转吧！雪月花,346,347,346,618

SHIORI,389,390,389,1071

青鸟,719,717,719,858

Rolling Star,1124,1125,92,1124

Sparkling Daydream,334,337,334,981

Just Like Fire,150,151,150,563

Butter Fly,917,918,262,917

Be My Baby,739,740,393,739

ペガサス幻想,854,853,162,854

We Can't Stop,123,124,123,641

Dirty?Sexy?Money,123,306,123,306

Fight For You,--,624,48,623（二段一开头）

Dumb Dumb,374,368,226,374

Papillon,113,114,113,473

Candy Pop,908,907,374,908

空想神话,1486,1488,231,1486

邮递马车,586,587,525,599

Prisoner Of Love,841,843,841,1069

Play 我呸,711,712,169,711

Still waiting,735,734,563,735

Gee,187,188,187,542

Zenzenzense,578,580,375,578

Crossing Field,1739,1740,1591,1739

Wake up!,224,225,224,818

克罗地亚狂想曲,733,735,456,733

Thrill,Risk,Heartless,458,455,458,1301

恋？爱？暴君！,102,104,102,407

KING&amp;QUEEN,436,437,436,594

}のアクエリオン,329,317,329,922

崦隶攻リ`ム,728,729,16,728

レイン,474,327,327,474

ほんわかハミング,259,260,259,588

\命のル`レットhして,864,865,332,864

アイコトバ,110,111,110,553

Lに吹かれても,322,319,322,409

nい炎,560,561,560,766

ペガサス幻想,854,853,162,854

