一片花瓣,443,411,387,443

自饰者,273,274,189,273

I Want My Tears Back,468,469,324,468

七年的爱,351,352,295,356

小丑面具,128,129,128,433

Bbiribbom Bberibbom,344,345,116,344

Apple Is A,303,274,144,303

偶像万万岁,451,452,451,488

我们的歌,402,403,57,402

Bing Bing,575,576,96,575

No Madonna,470,493,470,507

童话镇,462,463,308,462

隐形的翅膀,467,482,467,577

我们不一样,468,469,173,468

表白,238,245,238,459

萤之光,603,604,186,603

好想大声说喜欢你,325,331,85,325

青春住了谁,359,363,359,561

再遇不到你这样的人,577,578,207,577

上邪,310,311,310,556

Brave Heart,378,379,378,443

All About That Bass,208,203,208,377

还记得吗,291,281,291,591

追光者,277,274,209,277

浪漫曲,545,546,396,545

什么什么,157,387,157,387

四点四十四,111,486,111,486

Flashlight,628,629,131,628

忘了,253,254,116,253

BRAND NEW GIRL,417,418,417,499

JELLY JELLY,307,308,307,633

Baby Boy,690,652,436,690

意外,625,623,625,834

火花,794,778,297,794

自新大陆,300,299,300,594

L.I.E,547,544,505,554

是你,599,603,487,599

等一下,331,332,331,511

YESTERDAY,564,620,564,620

Bubble Pop!,226,227,209,271

I Knew You Were Trouble,530,533,297,530

to the beginning,416,428,416,863

青鸟,425,426,336,425

双人舞,402,98,98,402

我的大学,580,581,523,581

We Can't Stop,108,109,108,461

爱的鼓励,229,228,229,588

人间烟火,572,570,572,647

Dirty?Sexy?Money,253,254,253,512

不要离开,641,640,221,641

起风了,200,599,200,599

GANG,231,596,231,596

忒好,308,309,308,369

江湖,412,414,248,412

#初恋,198,439,198,439

Uma Thurman,212,166,212,526

Legends Never Die,120,121,120,736

禁绝边境线,469,470,469,720

邮递马车,242,246,242,362

Prisoner Of Love,633,634,240,633

Firefly,389,349,332,389

HANABI,203,630,203,630

卡农,870,871,234,870

Pink Gun,300,358,300,358

无可取代,171,159,171,382

Still waiting,329,330,329,455

Gee,142,139,81,149

Hacking to the Gate,194,340,194,340

你，有没有过,478,483,478,741

chAngE,435,436,222,435

旋转吧！雪月花,532,534,95,532

SHIORI,329,330,329,791

July,160,180,160,476

Rolling Star,220,221,220,809

Crossing Field,287,869,287,869

Sparkling Daydream,577,578,577,725

Just Like Fire,713,714,465,713

Butter Fly,902,903,370,902

星之星,194,579,194,579

Wake up!,439,438,334,439

Be My Baby,291,275,291,378

心层麻醉,391,372,178,391

炉心融解,426,427,426,678

Fight For You,260,259,260,425

Dumb Dumb,192,193,192,534

Papillon,245,246,107,245

Candy Pop,159,460,159,460

空想神话,1031,1032,83,1031

Play 我呸,532,533,532,754

无尽重播,339,714,339,714

克罗地亚狂想曲,132,133,132,193

Thrill,Risk,Heartless,1396,1397,666,1396

KING&amp;QUEEN,123,449,123,449

アイコトバ,159,512,159,512

}のアクエリオン,429,428,429,930

崦隶攻リ`ム,312,325,312,802

ペガサス幻想,189,190,189,351

